#	Team		G	IP	H	ER	HR	BB	SO	WHIP	H/9	BB/9	HR/9	SO/9	SO/BB	GB/FB	HR/FB	ERC	ERA	WPCT
1  Orioles_Baltimore	162	1431.0	1552	825	234	589	1203	1.50	9.8	3.7	1.5	7.6	2.15	1.83	.222	5.26	5.19	.290
2  Royals_Kansas_City	162	1432.0	1542	787	205	549	1157	1.46	9.7	3.5	1.3	7.3	2.22	1.90	.196	4.89	4.95	.358
3  Rangers_Texas	162	1431.0	1516	783	222	491	1121	1.40	9.5	3.1	1.4	7.0	2.40	1.86	.207	4.77	4.93	.414
4  Reds_Cincinnati	162	1441.0	1491	745	228	532	1258	1.40	9.3	3.3	1.4	7.9	2.67	2.08	.232	4.63	4.65	.414
5  Blue_Jays_Toronto	162	1433.2	1476	773	208	551	1298	1.41	9.3	3.5	1.3	8.1	2.44	1.76	.193	4.67	4.85	.451
6  Padres_San_Diego	162	1457.0	1430	714	185	519	1399	1.34	8.8	3.2	1.1	8.6	2.85	2.05	.195	4.15	4.41	.407
7  Twins_Minnesota	162	1443.1	1425	722	198	573	1377	1.38	8.9	3.6	1.2	8.6	2.56	1.78	.193	4.43	4.50	.481
8  Tigers_Detroit	162	1425.1	1423	728	216	491	1215	1.34	9.0	3.1	1.4	7.7	2.58	1.60	.194	4.35	4.60	.395
9  White_Sox_Chicago	162	1437.0	1404	774	196	653	1259	1.43	8.8	4.1	1.2	7.9	2.01	1.66	.181	4.63	4.85	.383
10  Mariners_Seattle	162	1448.2	1396	664	195	400	1328	1.24	8.7	2.5	1.2	8.3	3.50	1.75	.184	3.81	4.13	.549
11  Marlins_Miami	161	1442.0	1388	763	192	605	1249	1.38	8.7	3.8	1.2	7.8	2.35	1.71	.181	4.31	4.76	.391	
12  Giants_SanFrancisco	162	1461.1	1387	642	156	524	1269	1.31	8.5	3.2	1.0	7.8	2.61	2.12	.166	3.78	3.95	.451
13  Pirates_Pittsburgh	161	1434.0	1380	638	174	497	1336	1.31	8.7	3.1	1.1	8.4	2.94	1.95	.178	3.93	4.00	.509
14  Rockies_Colorado	163	1452.1	1377	699	184	525	1409	1.31	8.5	3.3	1.1	8.7	2.81	2.20	.209	3.96	4.33	.558
15  Phils_Philadelphia	162	1445.2	1366	666	171	500	1465	1.29	8.5	3.1	1.1	9.1	3.15	2.18	.193	3.81	4.15	.494
16  Mets_New_York	162	1460.2	1364	661	185	484	1446	1.27	8.4	3.0	1.1	8.9	3.20	1.78	.181	3.78	4.07	.475
17  Cardinals_St._Louis	162	1455.1	1354	623	144	593	1337	1.34	8.4	3.7	0.9	8.3	2.46	2.18	.159	3.82	3.85	.543
18  Angels_Los_Angeles	162	1437.1	1353	663	205	546	1386	1.32	8.5	3.4	1.3	8.7	2.62	1.86	.216	4.16	4.15	.494
19  Indians_Cleveland	162	1457.1	1349	611	200	407	1544	1.20	8.3	2.5	1.2	9.5	4.09	1.76	.200	3.58	3.77	.562
20  National_Washington	162	1446.0	1320	649	198	487	1417	1.25	8.2	3.0	1.2	8.8	3.15	1.72	.195	3.78	4.04	.506
21  Cubs_Chicago	163	1476.1	1319	598	157	622	1333	1.31	8.0	3.8	1.0	8.1	2.26	2.13	.170	3.78	3.65	.583	
22  Dbacks_Arizona	162	1463.0	1313	606	174	522	1448	1.25	8.1	3.2	1.1	8.9	3.02	2.19	.192	3.60	3.73	.506
23  Yankees_New_York	162	1456.1	1311	611	177	494	1634	1.24	8.1	3.1	1.1	10.1	3.37	1.87	.190	3.57	3.78	.617
24  Red_Sox_Boston	162	1458.2	1305	608	176	512	1558	1.25	8.1	3.2	1.1	9.6	3.09	1.80	.183	3.66	3.75	.667
25  Athletics_Oakland	162	1465.2	1303	622	184	474	1237	1.21	8.0	2.9	1.1	7.6	2.72	1.92	.183	3.47	3.82	.599
26  Dodgers_Los_Angeles	163	1476.0	1279	557	179	422	1565	1.15	7.8	2.6	1.1	9.5	4.09	2.12	.203	3.17	3.40	.564
27  Brewers_Milwaukee	163	1461.0	1259	606	173	553	1428	1.24	7.8	3.4	1.1	8.8	2.75	2.10	.200	3.50	3.73	.589
28  Rays_Tampa_Bay	162	1448.1	1236	603	164	501	1421	1.20	7.7	3.1	1.0	8.8	3.04	1.83	.168	3.29	3.75	.556
28  Braves_Atlanta	162	1456.2	1236	607	153	635	1423	1.28	7.6	3.9	0.9	8.8	2.40	1.97	.168	3.52	3.75	.556
30  Astros_Houston	162	1455.0	1164	503	152	435	1687	1.10	7.2	2.7	0.9	10.4	3.91	1.96	.178	2.84	3.11	.636