STATION           DATE     PRCP     SNWD     SNOW     TMAX     TMIN     
----------------- -------- -------- -------- -------- -------- -------- 
GHCND:USW00014764 20130101 0        254      0        0        -117     
GHCND:USW00014764 20130102 0        254      0        -44      -161     
GHCND:USW00014764 20130103 0        229      0        -50      -178     
GHCND:USW00014764 20130104 0        229      0        11       -128     
GHCND:USW00014764 20130105 0        229      0        22       -89      
GHCND:USW00014764 20130106 0        229      3        28       -89      
GHCND:USW00014764 20130107 0        229      0        -6       -94      
GHCND:USW00014764 20130108 0        229      0        61       -106     
GHCND:USW00014764 20130109 0        229      0        44       -89      
GHCND:USW00014764 20130110 0        229      0        67       -28      
GHCND:USW00014764 20130111 5        203      0        22       -72      
GHCND:USW00014764 20130112 8        178      0        56       6        
GHCND:USW00014764 20130113 0        152      0        72       22       
GHCND:USW00014764 20130114 0        102      0        150      17       
GHCND:USW00014764 20130115 0        51       0        33       -17      
GHCND:USW00014764 20130116 152      51       130      6        -17      
GHCND:USW00014764 20130117 0        178      0        44       -78      
GHCND:USW00014764 20130118 0        152      0        -67      -128     
GHCND:USW00014764 20130119 0        127      0        56       -89      
GHCND:USW00014764 20130120 0        127      0        94       -33      
GHCND:USW00014764 20130121 0        76       0        -28      -83      
GHCND:USW00014764 20130122 0        76       0        -56      -133     
GHCND:USW00014764 20130123 0        76       0        -133     -178     
GHCND:USW00014764 20130124 0        76       0        -78      -200     
GHCND:USW00014764 20130125 0        76       0        -50      -172     
GHCND:USW00014764 20130126 0        76       0        -50      -122     
GHCND:USW00014764 20130127 0        76       0        -22      -128     
GHCND:USW00014764 20130128 36       76       48       -28      -128     
GHCND:USW00014764 20130129 10       127      5        6        -56      
GHCND:USW00014764 20130130 74       102      0        111      0        
GHCND:USW00014764 20130131 61       0        0        122      -17      
GHCND:USW00014764 20130201 0        0        0        -6       -83      
GHCND:USW00014764 20130202 0        0        0        -28      -111     
GHCND:USW00014764 20130203 0        0        0        -17      -67      
GHCND:USW00014764 20130204 0        0        0        -6       -89      
GHCND:USW00014764 20130205 0        0        0        -33      -117     
GHCND:USW00014764 20130206 0        0        0        39       -78      
GHCND:USW00014764 20130207 0        0        0        -39      -117     
GHCND:USW00014764 20130208 320      76       389      -83      -117     
GHCND:USW00014764 20130209 320      533      422      -61      -111     
GHCND:USW00014764 20130210 0        406      0        28       -128     
GHCND:USW00014764 20130211 127      356      51       50       -128     
GHCND:USW00014764 20130212 0        330      0        72       -17      
GHCND:USW00014764 20130213 0        279      0        61       -28      
GHCND:USW00014764 20130214 0        254      0        56       -28      
GHCND:USW00014764 20130215 0        229      0        67       -61      
GHCND:USW00014764 20130216 3        203      3        33       -17      
GHCND:USW00014764 20130217 36       178      51       -17      -72      
GHCND:USW00014764 20130218 0        178      0        0        -89      
GHCND:USW00014764 20130219 127      178      0        67       -67      
GHCND:USW00014764 20130220 5        152      0        61       -28      
GHCND:USW00014764 20130221 0        127      0        -17      -44      
GHCND:USW00014764 20130222 0        127      0        44       -39      
GHCND:USW00014764 20130223 28       127      0        28       -17      
GHCND:USW00014764 20130224 254      127      272      22       -17      
GHCND:USW00014764 20130225 0        279      0        50       -39      
GHCND:USW00014764 20130226 0        203      0        44       -6       
GHCND:USW00014764 20130227 277      178      74       33       -6       
GHCND:USW00014764 20130228 46       203      0        33       0        
GHCND:USW00014764 20130301 5        178      0        28       0        
GHCND:USW00014764 20130302 20       178      38       61       -6       
GHCND:USW00014764 20130303 8        203      13       50       0        
GHCND:USW00014764 20130304 0        178      0        28       0        
GHCND:USW00014764 20130305 0        178      0        67       0        
GHCND:USW00014764 20130306 0        152      0        33       0        
GHCND:USW00014764 20130307 0        152      3        22       -6       
GHCND:USW00014764 20130308 28       178      38       78       -17      
GHCND:USW00014764 20130309 0        152      0        67       -22      
GHCND:USW00014764 20130310 0        127      0        33       -44      
GHCND:USW00014764 20130311 0        127      0        61       11       
GHCND:USW00014764 20130312 163      76       0        89       44       
GHCND:USW00014764 20130313 0        25       0        89       -6       
GHCND:USW00014764 20130314 0        25       0        50       -61      
GHCND:USW00014764 20130315 0        0        0        33       -89      
GHCND:USW00014764 20130316 0        0        0        28       -44      
GHCND:USW00014764 20130317 0        0        0        6        -78      
GHCND:USW00014764 20130318 0        0        0        17       -106     
GHCND:USW00014764 20130319 175      51       221      6        -44      
GHCND:USW00014764 20130320 10       203      23       22       -72      
GHCND:USW00014764 20130321 0        178      0        33       -61      
GHCND:USW00014764 20130322 0        152      0        33       -61      
GHCND:USW00014764 20130323 0        127      0        44       -44      
GHCND:USW00014764 20130324 0        127      0        78       -28      
GHCND:USW00014764 20130325 0        76       0        50       -28      
GHCND:USW00014764 20130326 0        76       0        100      0        
GHCND:USW00014764 20130327 20       25       0        100      -17      
GHCND:USW00014764 20130328 0        0        0        94       17       
GHCND:USW00014764 20130329 0        0        0        128      11       
GHCND:USW00014764 20130330 0        0        0        133      -6       
GHCND:USW00014764 20130331 0        0        0        94       -39      
GHCND:USW00014764 20130401 160      0        0        128      0        
GHCND:USW00014764 20130402 0        0        0        39       -21      
GHCND:USW00014764 20130403 0        0        0        72       -16      
GHCND:USW00014764 20130404 0        0        0        117      -32      
GHCND:USW00014764 20130405 0        0        0        122      17       
GHCND:USW00014764 20130406 0        0        0        56       -32      
GHCND:USW00014764 20130407 0        0        0        78       -38      
GHCND:USW00014764 20130408 0        0        0        161      17       
GHCND:USW00014764 20130409 46       0        0        111      56       
GHCND:USW00014764 20130410 119      0        0        128      56       
GHCND:USW00014764 20130411 13       0        0        117      44       
GHCND:USW00014764 20130412 97       0        5        44       11       
GHCND:USW00014764 20130413 18       0        0        89       6        
GHCND:USW00014764 20130414 18       0        0        100      39       
GHCND:USW00014764 20130415 0        0        0        106      -5       
GHCND:USW00014764 20130416 0        0        0        139      28       
GHCND:USW00014764 20130417 0        0        0        172      61       
GHCND:USW00014764 20130418 0        0        0        94       0        
GHCND:USW00014764 20130419 0        0        0        183      78       
GHCND:USW00014764 20130420 46       0        0        139      50       
GHCND:USW00014764 20130421 0        0        0        111      -5       
GHCND:USW00014764 20130422 0        0        0        83       -5       
GHCND:USW00014764 20130423 3        0        0        56       0        
GHCND:USW00014764 20130424 13       0        0        178      56       
GHCND:USW00014764 20130425 5        0        0        178      67       
GHCND:USW00014764 20130426 0        0        0        117      6        
GHCND:USW00014764 20130427 0        0        0        139      11       
GHCND:USW00014764 20130428 0        0        0        161      11       
GHCND:USW00014764 20130429 0        0        0        156      28       
GHCND:USW00014764 20130430 0        0        0        178      22       
GHCND:USW00014764 20130501 0        0        0        172      0        
GHCND:USW00014764 20130502 0        0        0        178      39       
GHCND:USW00014764 20130503 0        0        0        144      33       
GHCND:USW00014764 20130504 0        0        0        133      22       
GHCND:USW00014764 20130505 0        0        0        133      6        
GHCND:USW00014764 20130506 0        0        0        144      17       
GHCND:USW00014764 20130507 0        0        0        194      61       
GHCND:USW00014764 20130508 5        0        0        206      83       
GHCND:USW00014764 20130509 178      0        0        161      106      
GHCND:USW00014764 20130510 10       0        0        206      100      
GHCND:USW00014764 20130511 53       0        0        178      106      
GHCND:USW00014764 20130512 23       0        0        211      89       
GHCND:USW00014764 20130513 0        0        0        139      50       
GHCND:USW00014764 20130514 0        0        0        156      44       
GHCND:USW00014764 20130515 46       0        0        156      17       
GHCND:USW00014764 20130516 0        0        0        256      67       
GHCND:USW00014764 20130517 0        0        0        189      72       
GHCND:USW00014764 20130518 0        0        0        144      50       
GHCND:USW00014764 20130519 20       0        0        139      94       
GHCND:USW00014764 20130520 69       0        0        211      61       
GHCND:USW00014764 20130521 117      0        0        128      89       
GHCND:USW00014764 20130522 84       0        0        128      94       
GHCND:USW00014764 20130523 71       0        0        178      89       
GHCND:USW00014764 20130524 282      0        0        189      94       
GHCND:USW00014764 20130525 150      0        0        122      78       
GHCND:USW00014764 20130526 8        0        0        139      67       
GHCND:USW00014764 20130527 0        0        0        200      44       
GHCND:USW00014764 20130528 0        0        0        206      50       
GHCND:USW00014764 20130529 46       0        0        144      100      
GHCND:USW00014764 20130530 0        0        0        294      128      
GHCND:USW00014764 20130531 0        0        0        333      144      
GHCND:USW00014764 20130601 0        0        0        322      172      
GHCND:USW00014764 20130602 152      0        0        261      194      
GHCND:USW00014764 20130603 8        0        0        239      133      
GHCND:USW00014764 20130604 0        0        0        189      106      
GHCND:USW00014764 20130605 0        0        0        206      83       
GHCND:USW00014764 20130606 0        0        0        189      122      
GHCND:USW00014764 20130607 198      0        0        144      106      
GHCND:USW00014764 20130608 251      0        0        228      117      
GHCND:USW00014764 20130609 0        0        0        244      133      
GHCND:USW00014764 20130610 23       0        0        183      111      
GHCND:USW00014764 20130611 251      0        0        144      122      
GHCND:USW00014764 20130612 15       0        0        172      128      
GHCND:USW00014764 20130613 0        0        0        206      100      
GHCND:USW00014764 20130614 33       0        0        233      122      
GHCND:USW00014764 20130615 0        0        0        244      106      
GHCND:USW00014764 20130616 0        0        0        228      100      
GHCND:USW00014764 20130617 0        0        0        283      139      
GHCND:USW00014764 20130618 41       0        0        189      133      
GHCND:USW00014764 20130619 0        0        0        239      100      
GHCND:USW00014764 20130620 0        0        0        228      100      
GHCND:USW00014764 20130621 0        0        0        261      122      
GHCND:USW00014764 20130622 0        0        0        267      144      
GHCND:USW00014764 20130623 462      0        0        261      172      
GHCND:USW00014764 20130624 0        0        0        333      194      
GHCND:USW00014764 20130625 51       0        0        328      206      
GHCND:USW00014764 20130626 38       0        0        256      133      
GHCND:USW00014764 20130627 196      0        0        167      122      
GHCND:USW00014764 20130628 140      0        0        183      133      
GHCND:USW00014764 20130629 0        0        0        239      172      
GHCND:USW00014764 20130630 0        0        0        283      167      
GHCND:USW00014764 20130701 297      0        0        256      178      
GHCND:USW00014764 20130702 18       0        0        189      133      
GHCND:USW00014764 20130703 23       0        0        239      139      
GHCND:USW00014764 20130704 0        0        0        306      178      
GHCND:USW00014764 20130705 0        0        0        339      228      
GHCND:USW00014764 20130706 5        0        0        311      206      
GHCND:USW00014764 20130707 3        0        0        311      194      
GHCND:USW00014764 20130708 64       0        0        233      178      
GHCND:USW00014764 20130709 18       0        0        211      161      
GHCND:USW00014764 20130710 30       0        0        194      156      
GHCND:USW00014764 20130711 3        0        0        267      189      
GHCND:USW00014764 20130712 0        0        0        250      172      
GHCND:USW00014764 20130713 0        0        0        261      150      
GHCND:USW00014764 20130714 0        0        0        289      178      
GHCND:USW00014764 20130715 0        0        0        328      211      
GHCND:USW00014764 20130716 0        0        0        322      217      
GHCND:USW00014764 20130717 38       0        0        289      200      
GHCND:USW00014764 20130718 0        0        0        283      206      
GHCND:USW00014764 20130719 0        0        0        350      206      
GHCND:USW00014764 20130720 0        0        0        328      211      
GHCND:USW00014764 20130721 0        0        0        239      172      
GHCND:USW00014764 20130722 0        0        0        222      172      
GHCND:USW00014764 20130723 239      0        0        211      172      
GHCND:USW00014764 20130724 0        0        0        300      144      
GHCND:USW00014764 20130725 0        0        0        222      133      
GHCND:USW00014764 20130726 43       0        0        222      167      
GHCND:USW00014764 20130727 0        0        0        272      161      
GHCND:USW00014764 20130728 25       0        0        200      156      
GHCND:USW00014764 20130729 48       0        0        239      156      
GHCND:USW00014764 20130730 0        0        0        278      150      
GHCND:USW00014764 20130731 0        0        0        261      139      
GHCND:USW00014764 20130801 5        0        0        244      139      
GHCND:USW00014764 20130802 130      0        0        256      161      
GHCND:USW00014764 20130803 0        0        0        267      144      
GHCND:USW00014764 20130804 23       0        0        250      128      
GHCND:USW00014764 20130805 0        0        0        233      111      
GHCND:USW00014764 20130806 0        0        0        239      94       
GHCND:USW00014764 20130807 0        0        0        239      106      
GHCND:USW00014764 20130808 43       0        0        244      172      
GHCND:USW00014764 20130809 170      0        0        217      189      
GHCND:USW00014764 20130810 0        0        0        272      139      
GHCND:USW00014764 20130811 0        0        0        256      111      
GHCND:USW00014764 20130812 0        0        0        256      122      
GHCND:USW00014764 20130813 0        0        0        228      144      
GHCND:USW00014764 20130814 0        0        0        250      122      
GHCND:USW00014764 20130815 0        0        0        244      100      
GHCND:USW00014764 20130816 0        0        0        233      117      
GHCND:USW00014764 20130817 0        0        0        250      128      
GHCND:USW00014764 20130818 0        0        0        239      122      
GHCND:USW00014764 20130819 0        0        0        283      133      
GHCND:USW00014764 20130820 0        0        0        283      161      
GHCND:USW00014764 20130821 0        0        0        289      161      
GHCND:USW00014764 20130822 0        0        0        317      178      
GHCND:USW00014764 20130823 0        0        0        267      144      
GHCND:USW00014764 20130824 0        0        0        256      100      
GHCND:USW00014764 20130825 0        0        0        250      111      
GHCND:USW00014764 20130826 61       0        0        278      167      
GHCND:USW00014764 20130827 0        0        0        289      172      
GHCND:USW00014764 20130828 10       0        0        256      167      
GHCND:USW00014764 20130829 0        0        0        206      156      
GHCND:USW00014764 20130830 0        0        0        267      161      
GHCND:USW00014764 20130831 0        0        0        278      194      
GHCND:USW00014764 20130901 56       0        0        278      189      
GHCND:USW00014764 20130902 574      0        0        211      167      
GHCND:USW00014764 20130903 23       0        0        244      167      
GHCND:USW00014764 20130904 0        0        0        267      144      
GHCND:USW00014764 20130905 25       0        0        189      94       
GHCND:USW00014764 20130906 0        0        0        200      67       
GHCND:USW00014764 20130907 0        0        0        261      89       
GHCND:USW00014764 20130908 3        0        0        206      72       
GHCND:USW00014764 20130909 0        0        0        206      44       
GHCND:USW00014764 20130910 15       0        0        189      122      
GHCND:USW00014764 20130911 91       0        0        339      161      
GHCND:USW00014764 20130912 404      0        0        256      183      
GHCND:USW00014764 20130913 427      0        0        222      139      
GHCND:USW00014764 20130914 0        0        0        217      111      
GHCND:USW00014764 20130915 0        0        0        189      78       
GHCND:USW00014764 20130916 3        0        0        200      67       
GHCND:USW00014764 20130917 0        0        0        183      50       
GHCND:USW00014764 20130918 0        0        0        211      56       
GHCND:USW00014764 20130919 0        0        0        228      67       
GHCND:USW00014764 20130920 0        0        0        233      83       
GHCND:USW00014764 20130921 0        0        0        189      117      
GHCND:USW00014764 20130922 86       0        0        217      89       
GHCND:USW00014764 20130923 0        0        0        161      56       
GHCND:USW00014764 20130924 0        0        0        161      33       
GHCND:USW00014764 20130925 0        0        0        172      56       
GHCND:USW00014764 20130926 0        0        0        189      67       
GHCND:USW00014764 20130927 0        0        0        217      117      
GHCND:USW00014764 20130928 0        0        0        217      78       
GHCND:USW00014764 20130929 0        0        0        178      61       
GHCND:USW00014764 20130930 0        0        0        161      44       
GHCND:USW00014764 20131001 0        0        0        239      67       
GHCND:USW00014764 20131002 0        0        0        267      100      
GHCND:USW00014764 20131003 0        0        0        239      83       
GHCND:USW00014764 20131004 0        0        0        222      83       
GHCND:USW00014764 20131005 0        0        0        161      106      
GHCND:USW00014764 20131006 25       0        0        128      100      
GHCND:USW00014764 20131007 104      0        0        189      122      
GHCND:USW00014764 20131008 0        0        0        172      44       
GHCND:USW00014764 20131009 0        0        0        150      17       
GHCND:USW00014764 20131010 0        0        0        178      22       
GHCND:USW00014764 20131011 0        0        0        194      56       
GHCND:USW00014764 20131012 0        0        0        139      72       
GHCND:USW00014764 20131013 0        0        0        144      39       
GHCND:USW00014764 20131014 0        0        0        156      22       
GHCND:USW00014764 20131015 0        0        0        172      106      
GHCND:USW00014764 20131016 0        0        0        144      122      
GHCND:USW00014764 20131017 0        0        0        228      106      
GHCND:USW00014764 20131018 61       0        0        200      106      
GHCND:USW00014764 20131019 0        0        0        178      50       
GHCND:USW00014764 20131020 3        0        0        167      72       
GHCND:USW00014764 20131021 0        0        0        178      33       
GHCND:USW00014764 20131022 0        0        0        156      56       
GHCND:USW00014764 20131023 0        0        0        117      6        
GHCND:USW00014764 20131024 0        0        0        117      28       
GHCND:USW00014764 20131025 0        0        0        100      -5       
GHCND:USW00014764 20131026 0        0        0        111      -32      
GHCND:USW00014764 20131027 8        0        0        133      22       
GHCND:USW00014764 20131028 0        0        0        144      0        
GHCND:USW00014764 20131029 0        0        0        83       -43      
GHCND:USW00014764 20131030 0        0        0        100      -27      
GHCND:USW00014764 20131031 74       0        0        139      -27      
GHCND:USW00014764 20131101 28       0        0        206      128      
GHCND:USW00014764 20131102 15       0        0        183      56       
GHCND:USW00014764 20131103 0        0        0        78       -5       
GHCND:USW00014764 20131104 0        0        0        56       -55      
GHCND:USW00014764 20131105 0        0        0        83       -55      
GHCND:USW00014764 20131106 0        0        0        128      22       
GHCND:USW00014764 20131107 3        0        0        161      56       
GHCND:USW00014764 20131108 0        0        0        89       -5       
GHCND:USW00014764 20131109 0        0        0        78       0        
GHCND:USW00014764 20131110 13       0        0        67       17       
GHCND:USW00014764 20131111 0        0        0        78       17       
GHCND:USW00014764 20131112 0        0        0        67       -43      
GHCND:USW00014764 20131113 0        0        0        22       -82      
GHCND:USW00014764 20131114 0        0        0        100      -21      
GHCND:USW00014764 20131115 0        0        0        117      -43      
GHCND:USW00014764 20131116 0        0        0        117      -10      
GHCND:USW00014764 20131117 64       0        0        111      0        
GHCND:USW00014764 20131118 79       0        0        178      78       
GHCND:USW00014764 20131119 0        0        0        83       -10      
GHCND:USW00014764 20131120 0        0        0        50       -55      
GHCND:USW00014764 20131121 0        0        0        89       -71      
GHCND:USW00014764 20131122 8        0        0        44       0        
GHCND:USW00014764 20131123 0        0        0        61       -27      
GHCND:USW00014764 20131124 0        0        0        -21      -71      
GHCND:USW00014764 20131125 0        0        0        -5       -82      
GHCND:USW00014764 20131126 28       0        13       11       -27      
GHCND:USW00014764 20131127 630      0        0        144      6        
GHCND:USW00014764 20131128 0        0        0        44       -77      
GHCND:USW00014764 20131129 0        0        0        -10      -99      
GHCND:USW00014764 20131130 0        0        0        -10      -110     
GHCND:USW00014764 20131201 99       0        0        17       -10      
GHCND:USW00014764 20131202 3        0        0        28       6        
GHCND:USW00014764 20131203 0        0        0        78       -21      
GHCND:USW00014764 20131204 0        0        0        44       -49      
GHCND:USW00014764 20131205 5        0        0        28       -43      
GHCND:USW00014764 20131206 46       0        0        78       6        
GHCND:USW00014764 20131207 33       30       13       33       -55      
GHCND:USW00014764 20131208 0        0        0        -16      -71      
GHCND:USW00014764 20131209 64       0        18       17       -38      
GHCND:USW00014764 20131210 3        30       5        6        -66      
GHCND:USW00014764 20131211 3        30       0        -10      -82      
GHCND:USW00014764 20131212 0        30       0        -60      -121     
GHCND:USW00014764 20131213 0        30       0        -32      -143     
GHCND:USW00014764 20131214 38       30       46       -99      -160     
GHCND:USW00014764 20131215 244      280      269      -60      -143     
GHCND:USW00014764 20131216 0        230      0        -38      -143     
GHCND:USW00014764 20131217 142      200      229      -99      -210     
GHCND:USW00014764 20131218 5        380      3        -5       -110     
GHCND:USW00014764 20131219 0        380      0        22       -60      
GHCND:USW00014764 20131220 0        300      0        72       -32      
GHCND:USW00014764 20131221 23       250      0        33       6        
GHCND:USW00014764 20131222 79       180      0        17       -27      
GHCND:USW00014764 20131223 69       180      0        6        -27      
GHCND:USW00014764 20131224 0        180      0        6        -88      
GHCND:USW00014764 20131225 0        180      0        -66      -149     
GHCND:USW00014764 20131226 51       180      51       -38      -110     
GHCND:USW00014764 20131227 0        200      0        0        -138     
GHCND:USW00014764 20131228 0        200      0        28       -77      
GHCND:USW00014764 20131229 221      200      33       17       -66      
GHCND:USW00014764 20131230 0        200      0        17       -132     
GHCND:USW00014764 20131231 3        -9999    -9999    -105     -171     
